image_width: 640
image_height: 200
camera_name: narrow_stereo/left
camera_matrix:
  rows: 3
  cols: 3
  data: [419.029922, 0.000000, 319.728311, 0.000000, 417.985055, 56.993868, 0.000000, 0.000000, 1.000000]
distortion_model: plumb_bob
distortion_coefficients:
  rows: 1
  cols: 5
  data: [-0.007109, -0.013011, 0.003209, -0.000375, 0.000000]
rectification_matrix:
  rows: 3
  cols: 3
  data: [0.999995, 0.000503, 0.002981, -0.000505, 1.000000, 0.000523, -0.002981, -0.000525, 0.999995]
projection_matrix:
  rows: 3
  cols: 4
  data: [427.364336, 0.000000, 313.939713, 0.000000, 0.000000, 427.364336, 56.473752, 0.000000, 0.000000, 0.000000, 1.000000, 0.000000]
binning_x: 1
binning_y: 1
roi: 
  x_offset: 0
  y_offset: 0
  height: 0
  width: 0
  do_rectify: True
