image_width: 640
image_height: 200
camera_name: narrow_stereo/right
camera_matrix:
  rows: 3
  cols: 3
  data: [420.203743, 0.000000, 310.060629, 0.000000, 418.801048, 55.074840, 0.000000, 0.000000, 1.000000]
distortion_model: plumb_bob
distortion_coefficients:
  rows: 1
  cols: 5
  data: [-0.004216, -0.022059, 0.001847, -0.001358, 0.000000]
rectification_matrix:
  rows: 3
  cols: 3
  data: [0.999996, -0.000133, -0.002866, 0.000131, 1.000000, -0.000524, 0.002866, 0.000524, 0.999996]
projection_matrix:
  rows: 3
  cols: 4
  data: [427.364336, 0.000000, 313.939713, -33.833080, 0.000000, 427.364336, 56.473752, 0.000000, 0.000000, 0.000000, 1.000000, 0.000000]
binning_x: 1
binning_y: 1
roi: 
  x_offset: 0
  y_offset: 0
  height: 0
  width: 0
  do_rectify: True
